K-Points
8
reciprocal
   0.5000000    0.0000000    0.5000000 1        A    0.5000000    0.0000000    0.5000000
   0.0000000    0.0000000    0.5000000 1        B    0.0000000    0.0000000    0.5000000
   0.5000000    0.5000000    0.0000000 1        C    0.5000000    0.5000000    0.0000000
   0.0000000    0.5000000    0.5000000 1        D    0.0000000    0.5000000    0.5000000
   0.5000000    0.5000000    0.5000000 1        E    0.5000000    0.5000000    0.5000000
   0.0000000    0.0000000    0.0000000 1       GM    0.0000000    0.0000000    0.0000000
   0.5000000    0.0000000    0.0000000 1        Y    0.5000000    0.0000000    0.0000000
   0.0000000    0.5000000    0.0000000 1        Z    0.0000000    0.5000000    0.0000000
