K-Points
8
reciprocal
   0.0000000    0.0000000    0.0000000 1       GM    0.0000000    0.0000000    0.0000000
   0.5000000    0.5000000    0.5000000 1        R    0.5000000    0.5000000    0.5000000
   0.5000000    0.5000000    0.0000000 1        S    0.5000000    0.5000000    0.0000000
   0.0000000    0.5000000    0.5000000 1        T    0.0000000    0.5000000    0.5000000
   0.5000000    0.0000000    0.5000000 1        U    0.5000000    0.0000000    0.5000000
   0.5000000    0.0000000    0.0000000 1        X    0.5000000    0.0000000    0.0000000
   0.0000000    0.5000000    0.0000000 1        Y    0.0000000    0.5000000    0.0000000
   0.0000000    0.0000000    0.5000000 1        Z    0.0000000    0.0000000    0.5000000
