 kpoint, totband =           4          11
 opR
           0           0           1
           0           1           0
           1           0           0
  0.0000000E+00  0.0000000E+00  0.0000000E+00
 (6.1232343E-17,-0.7071068) (-8.4937309E-19,0.7071068)
 (8.4937309E-19,0.7071068) (6.1232343E-17,0.7071068)
 chara= (1.000000,0.0000000E+00) (1.000000,0.0000000E+00)
 (-1.000000,0.0000000E+00) (0.9999999,0.0000000E+00) (-1.000000,0.0000000E+00)
 (1.000000,0.0000000E+00) (1.000000,0.0000000E+00) (1.000000,0.0000000E+00)
 (-1.000000,0.0000000E+00) (1.000000,0.0000000E+00) (1.000000,0.0000000E+00)
